z = [0.149998232330000;0.149365000290000;0.145991776680000;0.142642431250000;0.139317407780000;0.136017159780000;0.132742150630000;0.129492853680000;0.126269752400000;0.123073340460000;0.119904121790000;0.116762610730000;0.113649331990000;0.110564820750000;0.107509622660000;0.104484293800000;0.101489400680000;0.0985255201550000;0.0955932393100000;0.0926931553560000;0.0898258754370000;0.0869920164220000;0.0841922046410000;0.0814270755790000;0.0786972735120000;0.0760034510920000;0.0733462688650000;0.0707263947280000;0.0681445033200000;0.0656012753340000;0.0630973967570000;0.0606335580280000;0.0582104531110000;0.0558287784790000;0.0534892320070000;0.0511925117740000;0.0494984992460000;0.0478292617410000;0.0461850912980000;0.0445662784450000;0.0429731118140000;0.0414058777280000;0.0398648597770000;0.0383503383810000;0.0368625903220000;0.0354018882750000;0.0339685003100000;0.0325626893850000;0.0311847128240000;0.0298348217780000;0.0285132606790000;0.0272202666760000;0.0259560690690000;0.0247208887250000;0.0235149375000000;0.0223384176450000;0.0211915212170000;0.0200744294860000;0.0189873123460000;0.0179303277320000;0.0169036210390000;0.0159073245580000;0.0149415569150000;0.0140064225380000;0.0131020111310000;0.0122283971710000;0.0113856394390000;0.0105737805600000;0.00979284659040000;0.00904284662410000;0.00832377244070000;0.00763559818820000;0.00697828010500000;0.00635175628400000;0.00575594647950000;0.00519075195950000;0.00465605540330000;0.00415172084800000;0.00367759368130000;0.00323350068490000;0.00281925012530000;0.00243463189410000;0.00207941769680000;0.00175336128870000;0.00145619875800000;0.00118764885380000;0.000947413357790000;0.000735177498100000;0.000550610402450000;0.000393365588850000;0.000263081491050000;0.000159382016090000;8.18771310730000e-05;3.01634762000000e-05;9.81125140580000e-06;0;9.70821730190000e-06;2.96113466250000e-05;7.94297371900000e-05;0.000152793855480000;0.000249233345490000;0.000368269367580000;0.000509415309400000;0.000672177495210000;0.000856055891010000;0.00106054480280000;0.00128513356580000;0.00152930722210000;0.00179254718510000;0.00207433188890000;0.00237413742030000;0.00269143813300000;0.00302570724160000;0.00337641739550000;0.00374304123050000;0.00412505189810000;0.00452192357220000;0.00493313193150000;0.00535815461860000;0.00579647167530000;0.00624756595310000;0.00671092350110000;0.00718603392870000;0.00767239074640000;0.00816949168190000;0.00867683897520000;0.00919393965090000;0.00972030576900000;0.0102554546550000;0.0107989091100000;0.0113501976020000;0.0119088544360000;0.0124744199090000;0.0130464404510000;0.0136244687360000;0.0142080637970000;0.0147967911110000;0.0153902226770000;0.0161880564730000;0.0169925244010000;0.0178026670360000;0.0186175461730000;0.0194362448680000;0.0202578674300000;0.0210815393710000;0.0219064073040000;0.0227316388170000;0.0235564223080000;0.0243799667890000;0.0252015016700000;0.0260202765140000;0.0268355607840000;0.0276466435560000;0.0284528332350000;0.0292534572500000;0.0300478617380000;0.0308354112280000;0.0316154883100000;0.0323874933070000;0.0331508439370000;0.0339049749810000;0.0346493379410000;0.0353834007040000;0.0361066472100000;0.0368185771140000;0.0375187054530000;0.0382065623230000;0.0388816925510000;0.0395436553720000;0.0401920241170000;0.0408263859000000;0.0414463413100000;0.0420515041110000;0.0426415009460000;0.0432159710440000;0.0437745659390000;0.0443169491880000;0.0448427960970000;0.0453517934530000;0.0458436392640000;0.0463180424970000;0.0467747228290000;0.0472134104050000;0.0476338455890000;0.0480357787350000;0.0484189699540000;0.0487831888920000;0.0491282145030000;0.0494538348430000;0.0497598468500000;0.0500460561470000;0.0503122768350000;0.0505583312950000;0.0507840500020000;0.0509892713290000;0.0511738413680000;0.0513376137480000;0.0514804494560000;0.0516022166680000;0.0517027905790000;0.0517820532330000;0.0518398933670000;0.0518762062500000;0.0518908935240000;0.0518912334900000;0.0518803584330000;0.0518476649950000;0.0517930740770000;0.0517165123380000;0.0516179120550000;0.0514972109860000;0.0513543522370000;0.0511892841260000;0.0510019600570000;0.0507923383910000;0.0505603823230000;0.0503060597550000;0.0500293431830000;0.0497302095710000;0.0494086402440000;0.0490646207660000;0.0486981408360000;0.0483091941740000;0.0478977784130000;0.0474638950000000;0.0470075490850000;0.0465287494230000;0.0460275082770000;0.0455038413150000;0.0449577675180000;0.0443893090830000;0.0437984913340000;0.0431853426280000;0.0425498942700000;0.0418921804190000;0.0412122380110000;0.0405101066670000;0.0397858286180000;0.0390394486160000;0.0382710138630000;0.0374805739270000;0.0366681806680000;0.0358338881660000;0.0349777526420000;0.0340998323910000;0.0332001877090000;0.0322788808270000;0.0313359758390000;0.0303715386400000;0.0293856368590000;0.0283783397960000;0.0273497183590000;0.0262998450060000;0.0252287936830000;0.0241366397640000;0.0230234600000000;0.0218893324570000;0.0207343364650000;0.0195585525630000;0.0183620624480000;0.0171449489250000;0.0159072958540000;0.0146491881030000;0.0133707115030000;0.0120719527970000;0.0107529995980000;0.00941394034350000;0.00805486425380000;0.00667586128720000;0.00527702210110000;0.00385843801120000;0.00242020095260000;0.000962403441340000;-0.000514861462130000;-0.00201150018960000;-0.00352741870000000;-0.00506252251390000;-0.00661671674700000;-0.00818990614230000;-0.00978199510190000;-0.0113928877180000;-0.0130224878030000;-0.0146706989160000;-0.0163374243970000;-0.0180225673880000;-0.0197260308630000;-0.0214477176540000;-0.0231875304740000;-0.0249453719450000;-0.0267211446180000;-0.0285147509990000;-0.0303260935680000;-0.0321550748040000;-0.0340015972060000;-0.0358655633080000;-0.0377468757060000;-0.0396454370720000;-0.0415611501730000;-0.0434939178920000;-0.0454436432420000;-0.0473393848710000;-0.0493221353590000;-0.0513215569240000;-0.0533375532550000;-0.0553700282500000;-0.0574188860290000;-0.0594840309490000;-0.0615653676130000;-0.0636628008870000;-0.0657762359090000;-0.0679055781010000;-0.0700507331830000;-0.0722116071780000;-0.0743881064300000;-0.0765801376050000;-0.0787876077080000;-0.0810104240870000;-0.0832484944460000;-0.0855017268490000;-0.0877700297300000;-0.0900533119020000;-0.0923514825610000;-0.0946644512950000;-0.0969921280910000;-0.0993344233390000;-0.0999985317720000];
